1.529278885573148727e-02
9.871796704828739166e-03
-5.176229402422904968e-03
7.720717694610357285e-03
-2.856985200196504593e-03
-6.727738305926322937e-03
9.231665171682834625e-03
-4.266740288585424423e-03
1.036620978266000748e-02
1.703472435474395752e-02
1.896506734192371368e-02
4.373250529170036316e-03
-7.494166027754545212e-03
8.158714510500431061e-03
1.660697720944881439e-02
5.011577624827623367e-03
2.578497864305973053e-03
-7.590664085000753403e-03
-3.907155245542526245e-03
4.804109223186969757e-03
4.442484932951629162e-04
3.739540930837392807e-03
-5.593405570834875107e-03
3.401046851649880409e-03
-5.713363178074359894e-03
7.189281284809112549e-03
5.298726260662078857e-03
-1.179753919132053852e-03
2.664687577635049820e-03
7.674270891584455967e-04
6.765612401068210602e-03
-7.123500574380159378e-03
-5.970282014459371567e-03
1.261240057647228241e-02
6.518251262605190277e-03
8.545293472707271576e-03
6.899083498865365982e-03
-4.347815643996000290e-03
5.601809825748205185e-03
-5.990162491798400879e-03
-8.035277016460895538e-03
1.721677742898464203e-02
5.207185167819261551e-03
1.191898435354232788e-02
-3.695734310895204544e-03
3.269607259426265955e-04
-4.293349920772016048e-04
5.598002113401889801e-03
3.834298811852931976e-03
9.959430433809757233e-03
-1.547200605273246765e-03
-3.391750156879425049e-03
7.260659243911504745e-03
-2.292058663442730904e-03
5.747739691287279129e-03
1.329380786046385765e-03
1.210886868648231030e-03
1.402519294060766697e-03
1.166116073727607727e-02
1.024166867136955261e-02
1.035097957355901599e-04
-5.112675018608570099e-03
6.161022465676069260e-03
-5.114602856338024139e-03
3.900333831552416086e-04
8.679857477545738220e-03
1.879805326461791992e-02
-7.696501910686492920e-03
1.429488975554704666e-02
-1.426592818461358547e-03
-1.548164756968617439e-03
3.277146955952048302e-03
-5.448313895612955093e-03
-6.417535245418548584e-03
-7.806590758264064789e-03
1.329730381257832050e-03
1.430426537990570068e-02
2.004841342568397522e-03
-7.186993956565856934e-03
1.686672493815422058e-02
-8.768040686845779419e-03
-1.236505922861397266e-03
1.217294763773679733e-02
-5.219413433223962784e-03
8.296930231153964996e-03
6.718915421515703201e-03
8.622285909950733185e-03
3.824499202892184258e-03
1.605144585482776165e-03
-7.056676317006349564e-03
1.245543453842401505e-02
8.842598646879196167e-03
1.505377143621444702e-02
1.195013895630836487e-02
1.252297312021255493e-02
-7.853612303733825684e-03
7.463928777724504471e-04
-1.057603978551924229e-03
6.413483060896396637e-03
-1.208336465060710907e-02
8.611774072051048279e-03
-5.994461011141538620e-03
-5.795585457235574722e-03
1.672182115726172924e-03
1.748884283006191254e-02
2.699817297980189323e-03
4.018516279757022858e-03
-5.020302254706621170e-03
5.831386428326368332e-03
-3.920059185475111008e-03
-3.192369127646088600e-03
-4.368342924863100052e-03
7.609286345541477203e-03
-3.109117504209280014e-03
-3.764168126508593559e-03
6.582626607269048691e-03
6.586062256246805191e-03
-2.855997998267412186e-03
-6.778790615499019623e-03
8.197855204343795776e-03
9.482689201831817627e-04
-4.613565281033515930e-03
-6.240686867386102676e-03
2.197825117036700249e-03
1.230586972087621689e-02
7.504884153604507446e-03
3.695878433063626289e-03
-8.914283476769924164e-03
